CELL_PARAMETERS angstrom
   8.377590340   0.000000000   0.000000000
   0.000000000   8.933046593   0.000000000
   0.000000000   0.000000000  12.351789864

ATOMIC_POSITIONS crystal
Cs               0.4666390611        0.4169508538        0.2500000000
Cs               0.5333609389        0.5830491462        0.7500000000
Cs              -0.0333609389        0.0830491462        0.7500000000
Cs               1.0333609389        0.9169508538        0.2500000000
Pb               0.5000000000        0.0000000000       -0.0000000000
Pb               0.5000000000        0.0000000000        0.5000000000
Pb              -0.0000000000        0.5000000000        0.0000000000
Pb               0.0000000000        0.5000000000        0.5000000000
I                0.5862810738        0.0074142653        0.2500000000
I                0.4137189262        0.9925857347        0.7500000000
I                0.0862810738        0.4925857347        0.7500000000
I                0.9137189262        0.5074142653        0.2500000000
I                0.6875961767        0.3053853989        0.9596632200
I                0.3124038233        0.6946146011        0.4596632200
I                0.1875961767        0.1946146011        0.0403367800
I                0.8124038233        0.8053853989        0.5403367800
I                0.3124038233        0.6946146011        0.0403367800
I                0.6875961767        0.3053853989        0.5403367800
I                0.8124038233        0.8053853989        0.9596632200
I                0.1875961767        0.1946146011        0.4596632200

